{
 "cells": [
  {
   "cell_type": "markdown",
   "id": "9688ccb7",
   "metadata": {},
   "source": [
    "## Transition Probabilities"
   ]
  },
  {
   "cell_type": "code",
   "execution_count": 57,
   "id": "46102361",
   "metadata": {},
   "outputs": [],
   "source": [
    "import pandas as pd\n",
    "import numpy as np\n"
   ]
  },
  {
   "cell_type": "code",
   "execution_count": 58,
   "id": "eef47a3d",
   "metadata": {},
   "outputs": [
    {
     "data": {
      "text/html": [
       "<div>\n",
       "<style scoped>\n",
       "    .dataframe tbody tr th:only-of-type {\n",
       "        vertical-align: middle;\n",
       "    }\n",
       "\n",
       "    .dataframe tbody tr th {\n",
       "        vertical-align: top;\n",
       "    }\n",
       "\n",
       "    .dataframe thead th {\n",
       "        text-align: right;\n",
       "    }\n",
       "</style>\n",
       "<table border=\"1\" class=\"dataframe\">\n",
       "  <thead>\n",
       "    <tr style=\"text-align: right;\">\n",
       "      <th></th>\n",
       "      <th>customer_no</th>\n",
       "      <th>timestamp</th>\n",
       "      <th>location</th>\n",
       "    </tr>\n",
       "  </thead>\n",
       "  <tbody>\n",
       "    <tr>\n",
       "      <th>61371</th>\n",
       "      <td>51509</td>\n",
       "      <td>2019-09-06 21:50:00</td>\n",
       "      <td>drinks</td>\n",
       "    </tr>\n",
       "    <tr>\n",
       "      <th>61372</th>\n",
       "      <td>51509</td>\n",
       "      <td>2019-09-06 21:51:00</td>\n",
       "      <td>checkout</td>\n",
       "    </tr>\n",
       "    <tr>\n",
       "      <th>61373</th>\n",
       "      <td>51510</td>\n",
       "      <td>2019-09-06 21:49:00</td>\n",
       "      <td>entrance</td>\n",
       "    </tr>\n",
       "    <tr>\n",
       "      <th>61374</th>\n",
       "      <td>51510</td>\n",
       "      <td>2019-09-06 21:50:00</td>\n",
       "      <td>spices</td>\n",
       "    </tr>\n",
       "    <tr>\n",
       "      <th>61375</th>\n",
       "      <td>51510</td>\n",
       "      <td>2019-09-06 21:51:00</td>\n",
       "      <td>checkout</td>\n",
       "    </tr>\n",
       "  </tbody>\n",
       "</table>\n",
       "</div>"
      ],
      "text/plain": [
       "       customer_no           timestamp  location\n",
       "61371        51509 2019-09-06 21:50:00    drinks\n",
       "61372        51509 2019-09-06 21:51:00  checkout\n",
       "61373        51510 2019-09-06 21:49:00  entrance\n",
       "61374        51510 2019-09-06 21:50:00    spices\n",
       "61375        51510 2019-09-06 21:51:00  checkout"
      ]
     },
     "execution_count": 58,
     "metadata": {},
     "output_type": "execute_result"
    }
   ],
   "source": [
    "df = pd.read_csv(\"./data/simulation_data_clean.csv\", parse_dates=[\"timestamp\"], index_col=0)\n",
    "df.tail()"
   ]
  },
  {
   "cell_type": "code",
   "execution_count": 59,
   "id": "685cc765",
   "metadata": {},
   "outputs": [],
   "source": [
    "df[\"loc_next\"] = df.groupby(\"customer_no\")[\"location\"].shift(-1)"
   ]
  },
  {
   "cell_type": "code",
   "execution_count": 60,
   "id": "8e1c2d94",
   "metadata": {},
   "outputs": [
    {
     "data": {
      "text/html": [
       "<div>\n",
       "<style scoped>\n",
       "    .dataframe tbody tr th:only-of-type {\n",
       "        vertical-align: middle;\n",
       "    }\n",
       "\n",
       "    .dataframe tbody tr th {\n",
       "        vertical-align: top;\n",
       "    }\n",
       "\n",
       "    .dataframe thead th {\n",
       "        text-align: right;\n",
       "    }\n",
       "</style>\n",
       "<table border=\"1\" class=\"dataframe\">\n",
       "  <thead>\n",
       "    <tr style=\"text-align: right;\">\n",
       "      <th>loc_next</th>\n",
       "      <th>checkout</th>\n",
       "      <th>dairy</th>\n",
       "      <th>drinks</th>\n",
       "      <th>fruit</th>\n",
       "      <th>spices</th>\n",
       "    </tr>\n",
       "    <tr>\n",
       "      <th>location</th>\n",
       "      <th></th>\n",
       "      <th></th>\n",
       "      <th></th>\n",
       "      <th></th>\n",
       "      <th></th>\n",
       "    </tr>\n",
       "  </thead>\n",
       "  <tbody>\n",
       "    <tr>\n",
       "      <th>dairy</th>\n",
       "      <td>1839.0</td>\n",
       "      <td>13095.0</td>\n",
       "      <td>1041.0</td>\n",
       "      <td>886.0</td>\n",
       "      <td>913.0</td>\n",
       "    </tr>\n",
       "    <tr>\n",
       "      <th>drinks</th>\n",
       "      <td>2098.0</td>\n",
       "      <td>106.0</td>\n",
       "      <td>5821.0</td>\n",
       "      <td>855.0</td>\n",
       "      <td>846.0</td>\n",
       "    </tr>\n",
       "    <tr>\n",
       "      <th>entrance</th>\n",
       "      <td>NaN</td>\n",
       "      <td>2141.0</td>\n",
       "      <td>1143.0</td>\n",
       "      <td>2810.0</td>\n",
       "      <td>1351.0</td>\n",
       "    </tr>\n",
       "    <tr>\n",
       "      <th>fruit</th>\n",
       "      <td>2562.0</td>\n",
       "      <td>1219.0</td>\n",
       "      <td>697.0</td>\n",
       "      <td>7586.0</td>\n",
       "      <td>644.0</td>\n",
       "    </tr>\n",
       "    <tr>\n",
       "      <th>spices</th>\n",
       "      <td>946.0</td>\n",
       "      <td>1213.0</td>\n",
       "      <td>1024.0</td>\n",
       "      <td>571.0</td>\n",
       "      <td>2524.0</td>\n",
       "    </tr>\n",
       "  </tbody>\n",
       "</table>\n",
       "</div>"
      ],
      "text/plain": [
       "loc_next  checkout    dairy  drinks   fruit  spices\n",
       "location                                           \n",
       "dairy       1839.0  13095.0  1041.0   886.0   913.0\n",
       "drinks      2098.0    106.0  5821.0   855.0   846.0\n",
       "entrance       NaN   2141.0  1143.0  2810.0  1351.0\n",
       "fruit       2562.0   1219.0   697.0  7586.0   644.0\n",
       "spices       946.0   1213.0  1024.0   571.0  2524.0"
      ]
     },
     "execution_count": 60,
     "metadata": {},
     "output_type": "execute_result"
    }
   ],
   "source": [
    "df.groupby(\n",
    "    'location'\n",
    ")['loc_next'].value_counts().unstack()"
   ]
  },
  {
   "cell_type": "code",
   "execution_count": 61,
   "id": "f37cd65c",
   "metadata": {},
   "outputs": [
    {
     "data": {
      "text/html": [
       "<div>\n",
       "<style scoped>\n",
       "    .dataframe tbody tr th:only-of-type {\n",
       "        vertical-align: middle;\n",
       "    }\n",
       "\n",
       "    .dataframe tbody tr th {\n",
       "        vertical-align: top;\n",
       "    }\n",
       "\n",
       "    .dataframe thead th {\n",
       "        text-align: right;\n",
       "    }\n",
       "</style>\n",
       "<table border=\"1\" class=\"dataframe\">\n",
       "  <thead>\n",
       "    <tr style=\"text-align: right;\">\n",
       "      <th>loc_next</th>\n",
       "      <th>checkout</th>\n",
       "      <th>dairy</th>\n",
       "      <th>drinks</th>\n",
       "      <th>fruit</th>\n",
       "      <th>spices</th>\n",
       "    </tr>\n",
       "    <tr>\n",
       "      <th>location</th>\n",
       "      <th></th>\n",
       "      <th></th>\n",
       "      <th></th>\n",
       "      <th></th>\n",
       "      <th></th>\n",
       "    </tr>\n",
       "  </thead>\n",
       "  <tbody>\n",
       "    <tr>\n",
       "      <th>dairy</th>\n",
       "      <td>0.103466</td>\n",
       "      <td>0.736750</td>\n",
       "      <td>0.058569</td>\n",
       "      <td>0.049848</td>\n",
       "      <td>0.051367</td>\n",
       "    </tr>\n",
       "    <tr>\n",
       "      <th>drinks</th>\n",
       "      <td>0.215710</td>\n",
       "      <td>0.010899</td>\n",
       "      <td>0.598499</td>\n",
       "      <td>0.087909</td>\n",
       "      <td>0.086983</td>\n",
       "    </tr>\n",
       "    <tr>\n",
       "      <th>entrance</th>\n",
       "      <td>0.000000</td>\n",
       "      <td>0.287576</td>\n",
       "      <td>0.153526</td>\n",
       "      <td>0.377435</td>\n",
       "      <td>0.181464</td>\n",
       "    </tr>\n",
       "    <tr>\n",
       "      <th>fruit</th>\n",
       "      <td>0.201605</td>\n",
       "      <td>0.095924</td>\n",
       "      <td>0.054847</td>\n",
       "      <td>0.596947</td>\n",
       "      <td>0.050677</td>\n",
       "    </tr>\n",
       "    <tr>\n",
       "      <th>spices</th>\n",
       "      <td>0.150685</td>\n",
       "      <td>0.193214</td>\n",
       "      <td>0.163109</td>\n",
       "      <td>0.090953</td>\n",
       "      <td>0.402039</td>\n",
       "    </tr>\n",
       "  </tbody>\n",
       "</table>\n",
       "</div>"
      ],
      "text/plain": [
       "loc_next  checkout     dairy    drinks     fruit    spices\n",
       "location                                                  \n",
       "dairy     0.103466  0.736750  0.058569  0.049848  0.051367\n",
       "drinks    0.215710  0.010899  0.598499  0.087909  0.086983\n",
       "entrance  0.000000  0.287576  0.153526  0.377435  0.181464\n",
       "fruit     0.201605  0.095924  0.054847  0.596947  0.050677\n",
       "spices    0.150685  0.193214  0.163109  0.090953  0.402039"
      ]
     },
     "execution_count": 61,
     "metadata": {},
     "output_type": "execute_result"
    }
   ],
   "source": [
    "# normalize='index' or normalize=0 normalizes over each row\n",
    "P = pd.crosstab(\n",
    "    index = df['location'],\n",
    "    columns = df['loc_next'],\n",
    "    normalize = 'index'\n",
    ")\n",
    "P"
   ]
  },
  {
   "cell_type": "code",
   "execution_count": 62,
   "id": "219f4304",
   "metadata": {
    "scrolled": true
   },
   "outputs": [
    {
     "data": {
      "text/html": [
       "<div>\n",
       "<style scoped>\n",
       "    .dataframe tbody tr th:only-of-type {\n",
       "        vertical-align: middle;\n",
       "    }\n",
       "\n",
       "    .dataframe tbody tr th {\n",
       "        vertical-align: top;\n",
       "    }\n",
       "\n",
       "    .dataframe thead th {\n",
       "        text-align: right;\n",
       "    }\n",
       "</style>\n",
       "<table border=\"1\" class=\"dataframe\">\n",
       "  <thead>\n",
       "    <tr style=\"text-align: right;\">\n",
       "      <th>loc_next</th>\n",
       "      <th>checkout</th>\n",
       "      <th>dairy</th>\n",
       "      <th>drinks</th>\n",
       "      <th>fruit</th>\n",
       "      <th>spices</th>\n",
       "      <th>enterance</th>\n",
       "    </tr>\n",
       "    <tr>\n",
       "      <th>location</th>\n",
       "      <th></th>\n",
       "      <th></th>\n",
       "      <th></th>\n",
       "      <th></th>\n",
       "      <th></th>\n",
       "      <th></th>\n",
       "    </tr>\n",
       "  </thead>\n",
       "  <tbody>\n",
       "    <tr>\n",
       "      <th>dairy</th>\n",
       "      <td>0.103466</td>\n",
       "      <td>0.736750</td>\n",
       "      <td>0.058569</td>\n",
       "      <td>0.049848</td>\n",
       "      <td>0.051367</td>\n",
       "      <td>0</td>\n",
       "    </tr>\n",
       "    <tr>\n",
       "      <th>drinks</th>\n",
       "      <td>0.215710</td>\n",
       "      <td>0.010899</td>\n",
       "      <td>0.598499</td>\n",
       "      <td>0.087909</td>\n",
       "      <td>0.086983</td>\n",
       "      <td>0</td>\n",
       "    </tr>\n",
       "    <tr>\n",
       "      <th>entrance</th>\n",
       "      <td>0.000000</td>\n",
       "      <td>0.287576</td>\n",
       "      <td>0.153526</td>\n",
       "      <td>0.377435</td>\n",
       "      <td>0.181464</td>\n",
       "      <td>0</td>\n",
       "    </tr>\n",
       "    <tr>\n",
       "      <th>fruit</th>\n",
       "      <td>0.201605</td>\n",
       "      <td>0.095924</td>\n",
       "      <td>0.054847</td>\n",
       "      <td>0.596947</td>\n",
       "      <td>0.050677</td>\n",
       "      <td>0</td>\n",
       "    </tr>\n",
       "    <tr>\n",
       "      <th>spices</th>\n",
       "      <td>0.150685</td>\n",
       "      <td>0.193214</td>\n",
       "      <td>0.163109</td>\n",
       "      <td>0.090953</td>\n",
       "      <td>0.402039</td>\n",
       "      <td>0</td>\n",
       "    </tr>\n",
       "  </tbody>\n",
       "</table>\n",
       "</div>"
      ],
      "text/plain": [
       "loc_next  checkout     dairy    drinks     fruit    spices  enterance\n",
       "location                                                             \n",
       "dairy     0.103466  0.736750  0.058569  0.049848  0.051367          0\n",
       "drinks    0.215710  0.010899  0.598499  0.087909  0.086983          0\n",
       "entrance  0.000000  0.287576  0.153526  0.377435  0.181464          0\n",
       "fruit     0.201605  0.095924  0.054847  0.596947  0.050677          0\n",
       "spices    0.150685  0.193214  0.163109  0.090953  0.402039          0"
      ]
     },
     "execution_count": 62,
     "metadata": {},
     "output_type": "execute_result"
    }
   ],
   "source": [
    "P[\"enterance\"]= 0\n",
    "P"
   ]
  },
  {
   "cell_type": "code",
   "execution_count": 63,
   "id": "4e1562ff",
   "metadata": {},
   "outputs": [
    {
     "data": {
      "text/html": [
       "<div>\n",
       "<style scoped>\n",
       "    .dataframe tbody tr th:only-of-type {\n",
       "        vertical-align: middle;\n",
       "    }\n",
       "\n",
       "    .dataframe tbody tr th {\n",
       "        vertical-align: top;\n",
       "    }\n",
       "\n",
       "    .dataframe thead th {\n",
       "        text-align: right;\n",
       "    }\n",
       "</style>\n",
       "<table border=\"1\" class=\"dataframe\">\n",
       "  <thead>\n",
       "    <tr style=\"text-align: right;\">\n",
       "      <th>loc_next</th>\n",
       "      <th>checkout</th>\n",
       "      <th>dairy</th>\n",
       "      <th>drinks</th>\n",
       "      <th>fruit</th>\n",
       "      <th>spices</th>\n",
       "      <th>enterance</th>\n",
       "    </tr>\n",
       "    <tr>\n",
       "      <th>location</th>\n",
       "      <th></th>\n",
       "      <th></th>\n",
       "      <th></th>\n",
       "      <th></th>\n",
       "      <th></th>\n",
       "      <th></th>\n",
       "    </tr>\n",
       "  </thead>\n",
       "  <tbody>\n",
       "    <tr>\n",
       "      <th>dairy</th>\n",
       "      <td>0.103466</td>\n",
       "      <td>0.736750</td>\n",
       "      <td>0.058569</td>\n",
       "      <td>0.049848</td>\n",
       "      <td>0.051367</td>\n",
       "      <td>0</td>\n",
       "    </tr>\n",
       "    <tr>\n",
       "      <th>drinks</th>\n",
       "      <td>0.215710</td>\n",
       "      <td>0.010899</td>\n",
       "      <td>0.598499</td>\n",
       "      <td>0.087909</td>\n",
       "      <td>0.086983</td>\n",
       "      <td>0</td>\n",
       "    </tr>\n",
       "    <tr>\n",
       "      <th>entrance</th>\n",
       "      <td>0.000000</td>\n",
       "      <td>0.287576</td>\n",
       "      <td>0.153526</td>\n",
       "      <td>0.377435</td>\n",
       "      <td>0.181464</td>\n",
       "      <td>0</td>\n",
       "    </tr>\n",
       "    <tr>\n",
       "      <th>fruit</th>\n",
       "      <td>0.201605</td>\n",
       "      <td>0.095924</td>\n",
       "      <td>0.054847</td>\n",
       "      <td>0.596947</td>\n",
       "      <td>0.050677</td>\n",
       "      <td>0</td>\n",
       "    </tr>\n",
       "    <tr>\n",
       "      <th>spices</th>\n",
       "      <td>0.150685</td>\n",
       "      <td>0.193214</td>\n",
       "      <td>0.163109</td>\n",
       "      <td>0.090953</td>\n",
       "      <td>0.402039</td>\n",
       "      <td>0</td>\n",
       "    </tr>\n",
       "    <tr>\n",
       "      <th>checkout</th>\n",
       "      <td>1.000000</td>\n",
       "      <td>0.000000</td>\n",
       "      <td>0.000000</td>\n",
       "      <td>0.000000</td>\n",
       "      <td>0.000000</td>\n",
       "      <td>0</td>\n",
       "    </tr>\n",
       "  </tbody>\n",
       "</table>\n",
       "</div>"
      ],
      "text/plain": [
       "loc_next  checkout     dairy    drinks     fruit    spices  enterance\n",
       "location                                                             \n",
       "dairy     0.103466  0.736750  0.058569  0.049848  0.051367          0\n",
       "drinks    0.215710  0.010899  0.598499  0.087909  0.086983          0\n",
       "entrance  0.000000  0.287576  0.153526  0.377435  0.181464          0\n",
       "fruit     0.201605  0.095924  0.054847  0.596947  0.050677          0\n",
       "spices    0.150685  0.193214  0.163109  0.090953  0.402039          0\n",
       "checkout  1.000000  0.000000  0.000000  0.000000  0.000000          0"
      ]
     },
     "execution_count": 63,
     "metadata": {},
     "output_type": "execute_result"
    }
   ],
   "source": [
    "P.loc[\"checkout\"] = [1, 0, 0, 0, 0, 0]\n",
    "P"
   ]
  },
  {
   "cell_type": "code",
   "execution_count": 55,
   "id": "67883caf",
   "metadata": {},
   "outputs": [
    {
     "data": {
      "text/html": [
       "<div>\n",
       "<style scoped>\n",
       "    .dataframe tbody tr th:only-of-type {\n",
       "        vertical-align: middle;\n",
       "    }\n",
       "\n",
       "    .dataframe tbody tr th {\n",
       "        vertical-align: top;\n",
       "    }\n",
       "\n",
       "    .dataframe thead th {\n",
       "        text-align: right;\n",
       "    }\n",
       "</style>\n",
       "<table border=\"1\" class=\"dataframe\">\n",
       "  <thead>\n",
       "    <tr style=\"text-align: right;\">\n",
       "      <th></th>\n",
       "      <th>entrance</th>\n",
       "      <th>dairy</th>\n",
       "      <th>drinks</th>\n",
       "      <th>fruit</th>\n",
       "      <th>spices</th>\n",
       "      <th>checkout</th>\n",
       "    </tr>\n",
       "  </thead>\n",
       "  <tbody>\n",
       "    <tr>\n",
       "      <th>dairy</th>\n",
       "      <td>0.0</td>\n",
       "      <td>0.736750</td>\n",
       "      <td>0.058569</td>\n",
       "      <td>0.049848</td>\n",
       "      <td>0.051367</td>\n",
       "      <td>0.103466</td>\n",
       "    </tr>\n",
       "    <tr>\n",
       "      <th>drinks</th>\n",
       "      <td>0.0</td>\n",
       "      <td>0.010899</td>\n",
       "      <td>0.598499</td>\n",
       "      <td>0.087909</td>\n",
       "      <td>0.086983</td>\n",
       "      <td>0.215710</td>\n",
       "    </tr>\n",
       "    <tr>\n",
       "      <th>entrance</th>\n",
       "      <td>0.0</td>\n",
       "      <td>0.287576</td>\n",
       "      <td>0.153526</td>\n",
       "      <td>0.377435</td>\n",
       "      <td>0.181464</td>\n",
       "      <td>0.000000</td>\n",
       "    </tr>\n",
       "    <tr>\n",
       "      <th>fruit</th>\n",
       "      <td>0.0</td>\n",
       "      <td>0.095924</td>\n",
       "      <td>0.054847</td>\n",
       "      <td>0.596947</td>\n",
       "      <td>0.050677</td>\n",
       "      <td>0.201605</td>\n",
       "    </tr>\n",
       "    <tr>\n",
       "      <th>spices</th>\n",
       "      <td>0.0</td>\n",
       "      <td>0.193214</td>\n",
       "      <td>0.163109</td>\n",
       "      <td>0.090953</td>\n",
       "      <td>0.402039</td>\n",
       "      <td>0.150685</td>\n",
       "    </tr>\n",
       "    <tr>\n",
       "      <th>checkout</th>\n",
       "      <td>0.0</td>\n",
       "      <td>0.000000</td>\n",
       "      <td>0.000000</td>\n",
       "      <td>0.000000</td>\n",
       "      <td>0.000000</td>\n",
       "      <td>1.000000</td>\n",
       "    </tr>\n",
       "  </tbody>\n",
       "</table>\n",
       "</div>"
      ],
      "text/plain": [
       "          entrance     dairy    drinks     fruit    spices  checkout\n",
       "dairy          0.0  0.736750  0.058569  0.049848  0.051367  0.103466\n",
       "drinks         0.0  0.010899  0.598499  0.087909  0.086983  0.215710\n",
       "entrance       0.0  0.287576  0.153526  0.377435  0.181464  0.000000\n",
       "fruit          0.0  0.095924  0.054847  0.596947  0.050677  0.201605\n",
       "spices         0.0  0.193214  0.163109  0.090953  0.402039  0.150685\n",
       "checkout       0.0  0.000000  0.000000  0.000000  0.000000  1.000000"
      ]
     },
     "execution_count": 55,
     "metadata": {},
     "output_type": "execute_result"
    }
   ],
   "source": [
    "real_df = pd.read_csv(\"./data/transition_probabilities.csv\", index_col=0)\n",
    "real_df"
   ]
  },
  {
   "cell_type": "code",
   "execution_count": null,
   "id": "9e4d229d",
   "metadata": {},
   "outputs": [],
   "source": []
  },
  {
   "cell_type": "code",
   "execution_count": null,
   "id": "9893dd06",
   "metadata": {},
   "outputs": [],
   "source": []
  }
 ],
 "metadata": {
  "kernelspec": {
   "display_name": "Python 3 (ipykernel)",
   "language": "python",
   "name": "python3"
  },
  "language_info": {
   "codemirror_mode": {
    "name": "ipython",
    "version": 3
   },
   "file_extension": ".py",
   "mimetype": "text/x-python",
   "name": "python",
   "nbconvert_exporter": "python",
   "pygments_lexer": "ipython3",
   "version": "3.10.11"
  }
 },
 "nbformat": 4,
 "nbformat_minor": 5
}
